500 4 251
500 6 323
500 8 327
500 10 624
500 12 675
500 14 664
500 16 697
500 18 750
500 20 1679
1000 4 268
1000 6 350
1000 8 341
1000 10 538
1000 12 547
1000 14 557
1000 16 596
1000 18 589
1000 20 1164
1500 4 245
1500 6 317
1500 8 313
1500 10 457
1500 12 474
1500 14 499
1500 16 515
1500 18 520
1500 20 944
2000 4 245
2000 6 319
2000 8 322
2000 10 482
2000 12 495
2000 14 493
2000 16 517
2000 18 538
2000 20 985
2500 4 261
2500 6 337
2500 8 336
2500 10 528
2500 12 540
2500 14 537
2500 16 559
2500 18 572
2500 20 1085
3000 4 260
3000 6 345
3000 8 345
3000 10 532
3000 12 553
3000 14 547
3000 16 582
3000 18 605
3000 20 1138
3500 4 268
3500 6 343
3500 8 339
3500 10 545
3500 12 567
3500 14 560
3500 16 584
3500 18 602
3500 20 1243
4000 4 275
4000 6 352
4000 8 359
4000 10 567
4000 12 597
4000 14 585
4000 16 632
4000 18 644
4000 20 1289
4500 4 271
4500 6 345
4500 8 350
4500 10 573
4500 12 576
4500 14 586
4500 16 608
4500 18 638
4500 20 1195
5000 4 290
5000 6 346
5000 8 367
5000 10 607
5000 12 620
5000 14 624
5000 16 660
5000 18 697
5000 20 1301
5500 4 284
5500 6 361
5500 8 373
5500 10 613
5500 12 630
5500 14 649
5500 16 698
5500 18 711
5500 20 1438
